50 10
00111111111010101001000001100100010111011100000111
10110011101000010011111001010011111011100110100011
00101101001110001001010111101001001100101101100001
00111001101101101111111001110110110000101111110101
11011001011101101100101110101000010110111011001011
10110000001110011000000011000101111000011011010110
00100011110100010111000110011010101111011010110001
10011111101101010110010101100101011101100000011010
10111001010001001010010001011110000111110000000000
01011101011110101100001110101110001101100100000000
